3 2 
4 1 
8 7 
9 5 
6 11 
17 16 
15 18 
10 13 
0 19 14 
5 1 
11 1 
2 12 
19 16 
12 11 
12 13 
4 2 
5 4 
11 4 
7 4 
18 17 
3 1 
7 9 
9 0 
12 0 
5 2 
2 0 
11 0 
0 13 
5 3 
8 3 
10 8 
12 18 
19 14 6 
11 9 
9 13 
19 18 
7 5 
7 6 
14 15 
10 15 
15 16 
12 1 
9 17 
11 5 
13 5 
13 8 
14 8 
13 1 
6 1 
6 2 
7 3 
3 17 10 
12 17 
2 1 
4 0 
10 5 
9 11 
7 6 
0 3 
3 5 
5 6 
4 1 
4 3 
3 2 
6 2 
8 2 
2 0 
3 1 
3 2 
4 1 
8 7 
9 5 
6 11 
17 16 
15 18 
10 13 
0 19 14 
5 1 
11 1 
2 12 
19 16 
12 11 
12 13 
4 2 
5 4 
11 4 
7 4 
18 17 
3 1 
7 9 
9 0 
12 0 
5 2 
2 0 
11 0 
0 13 
5 3 
8 3 
10 8 
12 18 
19 14 6 
11 9 
9 13 
19 18 
7 5 
7 6 
14 15 
10 15 
15 16 
12 1 
9 17 
11 5 
13 5 
13 8 
14 8 
13 1 
6 1 
6 2 
7 3 
3 17 10 
12 17 
2 1 
4 0 
10 5 
9 11 
7 6 
0 3 
3 5 
5 6 
4 1 
4 3 
3 2 
6 2 
8 2 
2 0 
3 1 
